2.307128906250000000e-01
1.020507812500000000e+00
5.302734375000000000e-01
2.144775390625000000e-01
-1.496582031250000000e-01
-6.884765625000000000e-01
3.845214843750000000e-01
-5.371093750000000000e-01
-2.494812011718750000e-02
2.336425781250000000e-01
8.471679687500000000e-01
-8.071289062500000000e-01
5.200195312500000000e-01
-1.381835937500000000e+00
9.389648437500000000e-01
5.371093750000000000e-01
8.144531250000000000e-01
8.769531250000000000e-01
-1.787109375000000000e-01
-7.171630859375000000e-02
-5.463867187500000000e-01
-8.186340332031250000e-03
4.497070312500000000e-01
-4.459381103515625000e-03
-1.976318359375000000e-01
6.723632812500000000e-01
5.395507812500000000e-01
-1.274414062500000000e-01
4.448242187500000000e-01
-6.733398437500000000e-01
4.362792968750000000e-01
-3.913574218750000000e-01
3.967285156250000000e-01
7.705078125000000000e-01
3.466796875000000000e-01
-5.517578125000000000e-01
-1.378173828125000000e-01
1.994628906250000000e-01
5.405273437500000000e-01
6.235351562500000000e-01
3.068847656250000000e-01
-5.463867187500000000e-01
2.814941406250000000e-01
-5.112304687500000000e-01
2.678222656250000000e-01
5.751953125000000000e-01
-1.981201171875000000e-01
-4.465332031250000000e-01
7.537841796875000000e-02
-1.118164062500000000e+00
-4.404296875000000000e-01
7.558593750000000000e-01
9.218750000000000000e-01
-7.263183593750000000e-02
-3.308105468750000000e-02
-2.447509765625000000e-01
7.807617187500000000e-01
1.306152343750000000e-01
4.196777343750000000e-01
-4.538574218750000000e-01
1.055908203125000000e-01
3.137207031250000000e-01
5.268554687500000000e-01
-1.315917968750000000e-01
2.600097656250000000e-01
-1.101684570312500000e-01
-2.797851562500000000e-01
-4.228515625000000000e-01
-8.239746093750000000e-02
1.177734375000000000e+00
7.973632812500000000e-01
-8.471679687500000000e-01
-5.068359375000000000e-01
-5.800781250000000000e-01
4.660644531250000000e-01
-4.873657226562500000e-02
3.698730468750000000e-01
-1.276367187500000000e+00
-3.239746093750000000e-01
-2.225341796875000000e-01
-1.945800781250000000e-01
2.423095703125000000e-01
-1.007690429687500000e-01
7.641601562500000000e-01
3.627929687500000000e-01
-1.972656250000000000e-01
9.614257812500000000e-01
-1.001953125000000000e+00
-2.658691406250000000e-01
-8.715820312500000000e-01
4.621582031250000000e-01
-6.352539062500000000e-01
-4.233398437500000000e-01
9.594726562500000000e-01
9.135742187500000000e-01
6.938476562500000000e-01
-6.308593750000000000e-01
-1.160156250000000000e+00
1.177734375000000000e+00
-4.191894531250000000e-01
1.048583984375000000e-01
1.074218750000000000e+00
-6.420898437500000000e-01
2.597656250000000000e-01
4.038085937500000000e-01
2.407226562500000000e-01
7.818603515625000000e-02
7.041015625000000000e-01
9.233398437500000000e-01
1.746826171875000000e-01
-4.916381835937500000e-02
5.502929687500000000e-01
4.475097656250000000e-01
9.240722656250000000e-02
7.153320312500000000e-02
-1.597900390625000000e-01
8.891601562500000000e-01
5.732421875000000000e-01
5.839843750000000000e-01
-8.081054687500000000e-01
-1.411132812500000000e-01
4.775390625000000000e-01
-7.541656494140625000e-03
6.845703125000000000e-01
-4.345703125000000000e-01
-5.932617187500000000e-01
1.108398437500000000e-01
-3.732910156250000000e-01
5.854492187500000000e-01
-1.900634765625000000e-01
-3.696289062500000000e-01
8.520507812500000000e-02
-3.083496093750000000e-01
2.563476562500000000e-01
1.272460937500000000e+00
3.286132812500000000e-01
-4.792480468750000000e-01
6.367187500000000000e-01
-3.261718750000000000e-01
-1.599121093750000000e-01
-3.796386718750000000e-01
6.445312500000000000e-01
8.393554687500000000e-01
-4.470214843750000000e-01
1.478576660156250000e-02
-6.132812500000000000e-01
-1.730957031250000000e-01
2.121582031250000000e-01
-9.013671875000000000e-01
-7.929687500000000000e-01
3.051757812500000000e-01
-7.905273437500000000e-01
-1.811523437500000000e-01
-4.326171875000000000e-01
-6.303710937500000000e-01
1.179687500000000000e+00
3.906250000000000000e-01
-5.546875000000000000e-01
-1.355468750000000000e+00
2.954101562500000000e-01
-1.484375000000000000e-01
6.962890625000000000e-01
-4.797363281250000000e-01
3.898925781250000000e-01
-6.015625000000000000e-01
-6.889648437500000000e-01
2.888183593750000000e-01
-2.610778808593750000e-02
7.314453125000000000e-01
4.313964843750000000e-01
-6.274414062500000000e-02
2.854003906250000000e-01
6.250000000000000000e-01
-1.600341796875000000e-01
-9.575195312500000000e-01
2.406005859375000000e-01
3.613281250000000000e-01
-3.475952148437500000e-02
4.196777343750000000e-01
6.123046875000000000e-01
-7.714843750000000000e-02
1.127929687500000000e+00
9.912109375000000000e-01
-7.548828125000000000e-01
1.217651367187500000e-01
-2.009277343750000000e-01
4.550170898437500000e-02
1.440429687500000000e+00
2.221679687500000000e-01
1.549072265625000000e-01
-4.536132812500000000e-01
-3.581542968750000000e-01
6.425781250000000000e-01
6.606445312500000000e-01
7.318115234375000000e-02
2.592468261718750000e-02
9.631347656250000000e-02
-1.085937500000000000e+00
-8.100585937500000000e-01
-2.261962890625000000e-01
9.389648437500000000e-01
2.338867187500000000e-01
2.091064453125000000e-01
6.645507812500000000e-01
1.600341796875000000e-01
-2.727050781250000000e-01
3.334960937500000000e-01
1.724853515625000000e-01
2.062988281250000000e-01
4.592285156250000000e-01
-1.939697265625000000e-01
1.030273437500000000e+00
7.089843750000000000e-01
8.007812500000000000e-01
-1.964111328125000000e-01
1.583251953125000000e-01
-1.373046875000000000e+00
-4.934692382812500000e-02
9.360351562500000000e-01
1.541992187500000000e+00
1.593017578125000000e-01
2.534179687500000000e-01
-4.748535156250000000e-01
5.576171875000000000e-01
1.378906250000000000e+00
1.495117187500000000e+00
-5.610351562500000000e-01
1.342773437500000000e-01
-1.696777343750000000e-01
-3.251953125000000000e-01
-2.250976562500000000e-01
-4.787597656250000000e-01
-1.771484375000000000e+00
2.946777343750000000e-01
-9.997558593750000000e-02
-1.086914062500000000e+00
-1.439094543457031250e-03
3.374023437500000000e-01
5.146484375000000000e-01
-6.030273437500000000e-01
-3.530273437500000000e-01
-6.992187500000000000e-01
8.500976562500000000e-01
3.098144531250000000e-01
3.677368164062500000e-02
-8.393554687500000000e-01
1.109619140625000000e-01
9.069824218750000000e-02
-1.273437500000000000e+00
2.244873046875000000e-01
-4.040527343750000000e-01
-7.299804687500000000e-01
-4.526367187500000000e-01
-9.582519531250000000e-03
-1.925048828125000000e-01
4.291992187500000000e-01
