-3.788947165012359619e-01
8.253779411315917969e-01
-1.881322264671325684e-02
-5.727360397577285767e-02
1.117265820503234863e+00
-8.505988121032714844e-01
9.518694877624511719e-01
-7.091628015041351318e-02
1.692003905773162842e-01
4.000008106231689453e-03
-3.269563615322113037e-02
-2.009271621704101562e+00
1.247847676277160645e-01
-1.076989412307739258e+00
8.815461993217468262e-01
6.263936758041381836e-01
3.490399718284606934e-01
1.313388228416442871e+00
-9.004495143890380859e-01
7.150484323501586914e-01
-2.337450534105300903e-01
-2.034988850355148315e-01
-1.072734594345092773e-03
2.492037117481231689e-01
-5.704659223556518555e-01
-4.086559414863586426e-01
-4.292423725128173828e-01
3.123114109039306641e-01
-2.060647755861282349e-01
-3.904219269752502441e-01
6.594146490097045898e-01
5.425277948379516602e-01
3.272171318531036377e-01
1.476946622133255005e-01
3.880016207695007324e-01
-3.469248712062835693e-01
-8.498541116714477539e-01
5.305707454681396484e-02
-1.402143836021423340e-01
5.444207787513732910e-01
-3.330016732215881348e-01
2.241945564746856689e-01
-8.869568705558776855e-01
-2.024581730365753174e-01
4.464238882064819336e-01
-1.003475636243820190e-01
-7.949345707893371582e-01
1.057446002960205078e-02
-4.694826602935791016e-01
-1.549383759498596191e+00
-6.608082652091979980e-01
1.738403141498565674e-01
5.913005471229553223e-01
-6.913566589355468750e-02
2.247530966997146606e-01
-6.489371061325073242e-01
5.440307855606079102e-01
-8.654187917709350586e-01
-6.248151659965515137e-01
-5.601768493652343750e-01
6.461194753646850586e-01
1.621335446834564209e-01
4.549917578697204590e-02
6.247384548187255859e-01
1.985531300306320190e-01
3.058113455772399902e-01
1.186526060104370117e+00
-1.423832416534423828e+00
3.383827209472656250e-01
6.269087791442871094e-01
9.275880455970764160e-01
-7.548954486846923828e-01
-6.600906848907470703e-01
8.205950260162353516e-02
-2.587725222110748291e-02
-6.833836436271667480e-01
2.004508376121520996e-01
-1.030407309532165527e+00
-9.525426626205444336e-01
3.571520149707794189e-01
-7.709530591964721680e-01
1.673746854066848755e-01
2.314058244228363037e-01
5.980489253997802734e-01
7.423870265483856201e-04
4.579892754554748535e-02
3.032125830650329590e-01
-1.106311321258544922e+00
-4.129465222358703613e-01
-5.351044535636901855e-01
3.411797881126403809e-01
-4.265007674694061279e-01
-2.425659000873565674e-01
3.647834062576293945e-01
1.190516471862792969e+00
-1.846599578857421875e-01
-7.701639533042907715e-01
2.479934990406036377e-01
1.167362689971923828e+00
-3.668240606784820557e-01
-5.786390304565429688e-01
2.785898745059967041e-01
-5.184584856033325195e-01
2.261262238025665283e-01
8.094249367713928223e-01
5.198155641555786133e-01
-8.250290751457214355e-01
8.433022499084472656e-01
5.145142674446105957e-01
-2.162374258041381836e-01
8.300186395645141602e-01
2.390618622303009033e-01
3.712292313575744629e-01
-6.560264229774475098e-01
-4.089602828025817871e-01
-3.515053093433380127e-01
1.203577041625976562e+00
2.017950415611267090e-01
-8.035498857498168945e-02
-6.491740942001342773e-01
-3.840603232383728027e-01
-2.410686761140823364e-01
-3.970247507095336914e-02
1.119245648384094238e+00
-6.938750147819519043e-01
-6.341074705123901367e-01
-2.073219716548919678e-01
-5.341698527336120605e-01
7.021874189376831055e-01
-3.545859456062316895e-01
-4.959231317043304443e-01
-2.215530872344970703e-01
2.620677351951599121e-01
-2.703473269939422607e-01
1.352721452713012695e+00
-7.921403646469116211e-02
-4.112347960472106934e-01
1.128111720085144043e+00
-1.061273217201232910e+00
-7.127788066864013672e-01
-5.262788534164428711e-01
5.739454627037048340e-01
1.116940975189208984e+00
-6.049292683601379395e-01
-1.618565618991851807e-01
-1.856006085872650146e-01
-1.158824682235717773e+00
6.141852736473083496e-01
-1.488887071609497070e+00
-1.972312480211257935e-01
-4.122506380081176758e-01
5.645906925201416016e-02
7.084111124277114868e-02
1.846319139003753662e-01
-2.934800386428833008e-01
-3.492164909839630127e-01
5.683287382125854492e-01
1.996271312236785889e-02
5.191919207572937012e-02
5.086586475372314453e-01
-3.201407194137573242e-01
2.568098306655883789e-01
-4.828073680400848389e-01
1.146946787834167480e+00
7.054253816604614258e-01
-3.275862336158752441e-01
-2.747420966625213623e-01
-6.950636394321918488e-03
7.721360921859741211e-01
4.637028872966766357e-01
-6.119239330291748047e-01
9.452103972434997559e-01
-3.078951835632324219e-01
-4.253792166709899902e-01
-2.093332409858703613e-01
1.285918474197387695e+00
5.539082288742065430e-01
-4.699218869209289551e-01
2.958066761493682861e-01
2.234678268432617188e-01
5.087878704071044922e-01
9.474963545799255371e-01
8.037217855453491211e-01
-5.626692771911621094e-01
4.354280233383178711e-01
-5.344321131706237793e-01
5.680096149444580078e-01
1.708396911621093750e+00
1.142787337303161621e-01
4.106035232543945312e-01
-5.367255210876464844e-02
1.919102668762207031e-02
-2.258014678955078125e-02
1.473734974861145020e-01
-2.022299766540527344e-01
-8.984120190143585205e-02
1.577820777893066406e-01
-8.939449191093444824e-01
-1.131012201309204102e+00
3.676775693893432617e-01
9.866445064544677734e-01
-4.331196844577789307e-01
4.061990976333618164e-01
7.017288208007812500e-01
6.287659406661987305e-01
6.346709132194519043e-01
-1.653421521186828613e-01
3.121059536933898926e-01
-3.306011259555816650e-01
5.447949171066284180e-01
-2.980366349220275879e-01
1.489224910736083984e+00
-7.422062754631042480e-02
4.935654699802398682e-01
-3.202272206544876099e-02
-3.431662917137145996e-01
-7.034611105918884277e-01
-3.681021034717559814e-01
4.269873499870300293e-01
1.203003168106079102e+00
5.015886425971984863e-01
-3.779651224613189697e-01
-1.912658661603927612e-01
4.192069768905639648e-01
9.425127506256103516e-01
6.320433616638183594e-01
-3.402287960052490234e-01
-1.811057329177856445e-01
6.798937916755676270e-03
1.489913463592529297e-02
-4.562245905399322510e-01
5.537382960319519043e-01
-1.038370013236999512e+00
5.945183038711547852e-01
-2.466731071472167969e-01
-1.356224179267883301e+00
-8.012953400611877441e-02
9.170858561992645264e-02
7.130199670791625977e-02
-6.540305614471435547e-01
-1.659156382083892822e-01
-8.584399223327636719e-01
1.733561158180236816e-01
5.524407625198364258e-01
6.662372499704360962e-02
-1.281376004219055176e+00
1.358137130737304688e-01
8.256049454212188721e-02
-9.975953698158264160e-01
-1.063013553619384766e+00
5.622569322586059570e-01
-1.482265144586563110e-01
-4.527187347412109375e-01
2.198794037103652954e-01
5.341963768005371094e-01
4.610289633274078369e-01
