6.982421875000000000e-01
-8.447265625000000000e-01
4.162597656250000000e-01
-2.101562500000000000e+00
-2.609863281250000000e-01
-1.288604736328125000e-02
7.988281250000000000e-01
9.565429687500000000e-01
5.044555664062500000e-02
4.274902343750000000e-01
2.493896484375000000e-01
4.069824218750000000e-01
2.507324218750000000e-01
-2.285156250000000000e-01
-1.264648437500000000e-01
8.002929687500000000e-01
-2.041015625000000000e-01
3.967285156250000000e-01
-1.811218261718750000e-02
4.721679687500000000e-01
1.527099609375000000e-01
-3.371582031250000000e-01
-1.738281250000000000e-01
-4.575195312500000000e-01
2.293701171875000000e-01
2.978515625000000000e-01
5.878906250000000000e-01
3.471679687500000000e-01
1.324218750000000000e+00
-1.068359375000000000e+00
-4.815673828125000000e-02
-1.109008789062500000e-01
3.061523437500000000e-01
-3.249511718750000000e-01
9.497070312500000000e-02
-1.253906250000000000e+00
1.820068359375000000e-01
3.089904785156250000e-02
-2.822265625000000000e-01
1.473388671875000000e-01
-2.629394531250000000e-01
-1.231079101562500000e-01
-2.709960937500000000e-02
-2.412109375000000000e-01
4.626464843750000000e-01
-7.789611816406250000e-03
7.392578125000000000e-01
1.661376953125000000e-01
-1.354980468750000000e-01
-1.214843750000000000e+00
6.335449218750000000e-02
2.301025390625000000e-01
8.847656250000000000e-01
7.124023437500000000e-01
2.770996093750000000e-01
3.129882812500000000e-01
-8.549804687500000000e-01
6.850585937500000000e-01
-2.536621093750000000e-01
-3.740234375000000000e-01
2.670898437500000000e-01
2.436523437500000000e-01
-2.697753906250000000e-01
-8.892822265625000000e-02
2.939453125000000000e-01
1.155273437500000000e+00
6.308593750000000000e-01
1.594726562500000000e+00
-6.425781250000000000e-01
-8.842773437500000000e-01
4.592285156250000000e-01
-2.702331542968750000e-02
-5.102539062500000000e-01
1.126708984375000000e-01
3.662109375000000000e-01
5.014648437500000000e-01
3.912353515625000000e-02
-9.448242187500000000e-01
-1.348632812500000000e+00
1.287841796875000000e-01
-1.556396484375000000e-01
2.346191406250000000e-01
-8.190917968750000000e-02
-2.736816406250000000e-01
4.777832031250000000e-01
5.488281250000000000e-01
1.236328125000000000e+00
-5.156250000000000000e-01
-1.715087890625000000e-01
-2.812500000000000000e-01
3.342285156250000000e-01
1.046875000000000000e+00
-2.374267578125000000e-01
-4.438476562500000000e-01
-1.827392578125000000e-01
7.265625000000000000e-01
4.340820312500000000e-01
-1.549072265625000000e-01
1.461181640625000000e-01
6.699218750000000000e-01
-7.104492187500000000e-01
5.688476562500000000e-01
-2.683105468750000000e-01
8.051757812500000000e-01
-4.658203125000000000e-01
5.590820312500000000e-01
-7.758789062500000000e-01
-2.209472656250000000e-01
2.260742187500000000e-01
5.864257812500000000e-01
-1.007812500000000000e+00
-2.467041015625000000e-01
5.156250000000000000e-01
-1.439208984375000000e-01
-1.361328125000000000e+00
5.717773437500000000e-01
-6.250000000000000000e-01
-2.404785156250000000e-01
-2.117919921875000000e-01
-3.149414062500000000e-01
2.443847656250000000e-01
2.269287109375000000e-01
1.268554687500000000e+00
-3.986816406250000000e-01
-6.933593750000000000e-01
-7.006835937500000000e-01
-5.434570312500000000e-01
1.115234375000000000e+00
-1.193359375000000000e+00
6.274414062500000000e-01
-5.947265625000000000e-01
2.917480468750000000e-01
-1.018554687500000000e+00
9.262695312500000000e-01
-5.605468750000000000e-01
-7.553710937500000000e-01
-8.305664062500000000e-01
9.956054687500000000e-01
-6.899414062500000000e-01
-6.865234375000000000e-01
1.071289062500000000e+00
-6.359863281250000000e-02
-1.734619140625000000e-01
2.573242187500000000e-01
-4.533691406250000000e-01
-4.301757812500000000e-01
7.749023437500000000e-01
7.905273437500000000e-01
5.576171875000000000e-01
-5.029296875000000000e-01
-5.366210937500000000e-01
6.093750000000000000e-01
1.226806640625000000e-01
-2.612304687500000000e-01
-3.977050781250000000e-01
1.145629882812500000e-01
1.068115234375000000e-01
3.158569335937500000e-03
-5.673828125000000000e-01
-1.723632812500000000e-01
-8.813476562500000000e-01
-1.425781250000000000e+00
-5.908203125000000000e-01
1.853027343750000000e-01
-6.591796875000000000e-02
2.722167968750000000e-01
6.679687500000000000e-01
-4.201660156250000000e-01
-3.159179687500000000e-01
-6.817626953125000000e-02
2.463378906250000000e-01
7.387695312500000000e-01
-5.795898437500000000e-01
-7.651367187500000000e-01
-6.757812500000000000e-01
8.754882812500000000e-01
-8.266601562500000000e-01
7.968750000000000000e-01
2.604980468750000000e-01
-6.884765625000000000e-02
1.583251953125000000e-01
-6.362304687500000000e-01
-6.074218750000000000e-01
-4.118652343750000000e-01
-2.436523437500000000e-01
-9.067382812500000000e-01
5.048828125000000000e-01
1.955566406250000000e-01
5.273437500000000000e-01
3.549804687500000000e-01
-1.518554687500000000e-01
-1.073242187500000000e+00
3.371582031250000000e-01
1.023437500000000000e+00
9.106445312500000000e-01
6.401367187500000000e-01
1.057617187500000000e+00
9.197998046875000000e-02
-2.298583984375000000e-01
1.914062500000000000e-01
1.291503906250000000e-01
-1.045898437500000000e+00
6.396484375000000000e-01
-3.571777343750000000e-01
-6.489257812500000000e-01
-1.407470703125000000e-01
9.208984375000000000e-01
5.039062500000000000e-01
1.111328125000000000e+00
6.796875000000000000e-01
3.894042968750000000e-02
-1.058593750000000000e+00
1.111450195312500000e-01
-9.492187500000000000e-01
-6.401367187500000000e-01
-3.842773437500000000e-01
5.048828125000000000e-01
-1.356201171875000000e-01
-1.275634765625000000e-01
1.357421875000000000e+00
-8.388671875000000000e-01
-4.716796875000000000e-01
-4.709472656250000000e-01
-7.807617187500000000e-01
1.231445312500000000e+00
-1.258544921875000000e-01
9.466552734375000000e-02
-3.007812500000000000e-01
-1.143554687500000000e+00
-3.654785156250000000e-01
8.769531250000000000e-01
3.964843750000000000e-01
-1.210937500000000000e+00
4.821777343750000000e-02
-1.727294921875000000e-01
-3.925781250000000000e-01
4.628906250000000000e-01
-1.684570312500000000e-01
-8.447265625000000000e-01
2.531738281250000000e-01
5.771484375000000000e-01
2.120361328125000000e-01
-6.845703125000000000e-01
2.624511718750000000e-01
-4.133300781250000000e-01
-2.885742187500000000e-01
-1.629638671875000000e-02
8.886718750000000000e-01
-4.213867187500000000e-01
-4.475097656250000000e-01
1.266479492187500000e-02
-3.566894531250000000e-01
4.248046875000000000e-01
-4.562988281250000000e-01
-3.049316406250000000e-01
1.754150390625000000e-01
